.Random.seed <-
c(403L, 11L, 2112688946L, 475389060L, -750720825L, -542616675L, 
271374100L, 1109953978L, 341502981L, -1257635361L, -1045035930L, 
-676510736L, 682032403L, 869032625L, 1972620640L, -610647298L, 
-48398711L, 1595386299L, 331125642L, 974994028L, -1529383953L, 
901774373L, -1034754852L, -970065230L, 1716690349L, 371859815L, 
-1201815922L, 1087432552L, -1301225621L, 1069943049L, -1549688936L, 
-750000442L, -269372383L, -1181081421L, 1043560994L, 1297660948L, 
2014916759L, 90620557L, 72471460L, -1053168246L, 1331632629L, 
-1734675377L, 1157313366L, 1013033472L, -1968241853L, -1119337759L, 
1414156368L, 1850634414L, 1524606041L, -816229269L, -1744102950L, 
-899833188L, -749568865L, -1534644491L, 736875404L, 79848034L, 
-236792259L, 1512224951L, -874068130L, -1778906472L, 474765819L, 
-2013887591L, 1415207976L, -1532228394L, 546388305L, 744462339L, 
2080194450L, -746197724L, 327148519L, 1065695293L, 1988191924L, 
-860492518L, -1600782747L, 1050071807L, 478578566L, -2016462576L, 
1301596595L, 176329297L, -1021017600L, 535207646L, -751020759L, 
923916507L, -345038870L, -1801453684L, -2074234673L, -268488571L, 
1912132412L, 785541650L, -1455333107L, -85431737L, -2089652178L, 
-24722040L, 1664490635L, 937539177L, 659155512L, 2136292070L, 
-1822058879L, 1100986899L, 1804336578L, 1917220468L, -328595337L, 
304982381L, -1947202044L, -1977713366L, 1595726485L, -797085393L, 
-688012234L, -1593384864L, 774932131L, -1723825727L, 508509616L, 
-2022558514L, 2077336121L, -1335348149L, 388781562L, -1072377604L, 
-1860025025L, -2088011243L, 2042810668L, -59325950L, 1948881117L, 
-93789225L, 1118363326L, 114223352L, -1188686117L, 1633381689L, 
-122095480L, -1992753098L, 1009300593L, -2089091421L, 1877062642L, 
1935198020L, -1469593593L, 445818333L, -1795824940L, -1614877190L, 
-690650811L, -842021473L, 1999664934L, 794843056L, 1895429203L, 
1687564145L, -1148459360L, -1851291074L, -945381047L, -1096704005L, 
-559692854L, 2111724844L, 494940463L, -1938710555L, 1986182812L, 
-856536334L, 801991533L, -1191029593L, -1227977010L, 767386664L, 
-1574668245L, -917489079L, 1123685208L, -862708218L, -2060490783L, 
403666291L, -1721475614L, -692203180L, 133275735L, 1014869069L, 
1141153764L, -1529893430L, -1299762123L, -186445169L, 204196758L, 
-1511319744L, 1942944259L, 960143393L, -899937520L, 502294766L, 
-1814263655L, -199344853L, 897233946L, 1990321884L, -1312452897L, 
795371701L, -227549620L, 1618723490L, 1722173949L, -1658453257L, 
-1741904866L, -225874216L, -542109125L, 1710354393L, 1755723112L, 
667436182L, -1173470703L, -591053885L, 830826450L, -1273736604L, 
-57314905L, 1335381757L, -1437680908L, 655216090L, -903003867L, 
1743411263L, -1225549882L, 1721986128L, 1889665139L, 1592186001L, 
685843648L, 1440769694L, -549447063L, -1243735397L, -198699094L, 
1620935628L, -708960625L, 1315045061L, -2129627524L, -121070894L, 
648834637L, -1587870969L, -2090719506L, -1582054456L, -1184238389L, 
-942035671L, 713858424L, 1397121702L, 1621427393L, -1047734957L, 
1385320962L, 1438812980L, 1718479031L, -960077712L, 2003171364L, 
1715547192L, -315590886L, -1424786224L, 263460668L, -1181427820L, 
-699069566L, 1749135808L, -480948676L, -1601428080L, 335193634L, 
-1259168504L, -697071988L, 596367132L, 1698308242L, -1524446848L, 
1249992212L, 2131840808L, 1025774138L, 625874384L, -1186068116L, 
-183458892L, 1133561874L, 1823075808L, 1846755276L, 1442881760L, 
1415567394L, 1885307176L, -1348518388L, 1757732668L, -823231502L, 
-886330640L, 861120068L, -124018088L, 1544445754L, -618203664L, 
-999960900L, -1919919852L, -837289278L, -624079776L, 1906668412L, 
210683856L, -30490334L, -1127642456L, 1164047244L, -1040078660L, 
-739809486L, 557845056L, -1562090316L, 1537309256L, -1068458566L, 
-1698170352L, 513329900L, 1968982356L, 556024082L, 168181152L, 
-770663732L, -240697760L, -1001332798L, -166625496L, -1814868052L, 
-750144708L, 2050165106L, -1422804176L, -1363147484L, -1883923656L, 
916952794L, -1392042096L, -635375876L, 334594964L, 841807938L, 
-898439936L, -1313651652L, -1515519664L, 943736994L, 2083952968L, 
1448019724L, 960836316L, 642854226L, 560086144L, -1020067756L, 
1661720552L, -1256447750L, -1998992560L, 1769135916L, 1248500084L, 
-613397614L, 405088352L, -1867979380L, -2001896608L, 778357218L, 
-928158808L, 362888396L, 1166948348L, 1405314482L, -1177022992L, 
1225456580L, 407756120L, 792719738L, 2092436400L, -1033027140L, 
-1662695340L, -477155390L, 153122848L, -1240721220L, -865058224L, 
-2108208158L, -1238095768L, -1720304564L, -453871364L, -14025742L, 
-790865664L, -352927372L, 727254024L, -92176454L, -1808461360L, 
-1525359636L, -974325356L, -2146270766L, -144715424L, 1112436556L, 
162162976L, 1817728898L, 838651624L, -1075437332L, -1022204868L, 
-2035565710L, -132610448L, 1943260196L, 2065990456L, 1276198042L, 
1116474064L, -1482940228L, 172875412L, -1920045438L, -614745920L, 
574364476L, -2035733360L, 732397090L, 510722056L, -481475316L, 
1594975388L, -1427284462L, 1855090560L, 941270548L, -566263256L, 
-1503942L, -1930698288L, -1153917844L, -1506526924L, -977539438L, 
1722151776L, 242656076L, 1906210784L, -356796510L, -1674430552L, 
-596079220L, 945680572L, 156938610L, 13626608L, -573525948L, 
-882009768L, 1623187002L, -990864528L, -67102660L, 185054996L, 
-547938878L, -1503178016L, -2001244292L, -677044528L, 2128728226L, 
212206632L, 888767756L, 20828092L, -1745620686L, -2003783232L, 
2002803252L, 1399403464L, 196268218L, 2112506256L, 24979948L, 
-932865452L, -1203492718L, 1460406048L, -1468878388L, 1134626272L, 
805017282L, -1173693400L, 1660951212L, 2087752892L, -944545294L, 
-1308204752L, -464790364L, 538496696L, 847424858L, 1559809424L, 
1420311420L, 322371860L, 1371525954L, 1239952128L, 1716787132L, 
-87062704L, 1023734562L, -1371966136L, 585957900L, 1848531036L, 
-1301351214L, 2117149184L, 1322898772L, 1459724776L, 58559482L, 
2128990416L, -779432660L, -1087208716L, -702238318L, 92406880L, 
-1890644724L, 1708442336L, -688762526L, -875038040L, 1733878348L, 
-263280260L, -1858872014L, -1352843152L, 739188548L, -1308830248L, 
-870413145L, -822158384L, 1099998062L, 1649795611L, -1927191683L, 
-1747943062L, -242384888L, 1376233649L, 1079035683L, 1437942820L, 
-919791918L, -1308593369L, -1143949967L, 228244406L, 1932730196L, 
-228681243L, -1215626257L, -937143512L, 95966086L, -928878669L, 
1498433301L, 1627910514L, -1347799616L, -1390795223L, 1572207259L, 
-1355775124L, 1083857786L, -114613073L, 333729721L, 1139100110L, 
1088924956L, 883476621L, -194829065L, -2146697216L, -1830477218L, 
-153862869L, -1670169043L, 461768346L, -180465064L, 1378004417L, 
-1510469005L, -1724149868L, 1879023138L, 443425079L, -1291522047L, 
-855143162L, -427116220L, 802237557L, 546225631L, 311937336L, 
1321616150L, 1135123235L, -1735528219L, -1520546558L, 2055044976L, 
-1152327911L, 228652811L, 681432060L, -934350806L, 1353030751L, 
-85339159L, 980606206L, -494627604L, -685389763L, -763069433L, 
1328408560L, -915582066L, -372190789L, -2033479779L, 1157979466L, 
760223080L, -1742144687L, -1335150525L, 1552834884L, -125642254L, 
-227783737L, 1493728657L, -1500319466L, 576848244L, -1863157755L, 
1840578639L, 1769636936L, 748911078L, 1693222675L, -1747513227L, 
-1957612974L, 2037789856L, 317066633L, 1086143931L, 157338124L, 
-1994685542L, -1807193329L, -1012086439L, -2077279250L, 1723368060L, 
-1521679635L, -961243753L, -1239937440L, 104969278L, -1400384245L, 
1461348237L, 128529594L, -415583496L, 910551201L, 111840339L, 
438714228L, -1459163902L, 756839831L, -2026483871L, 1162771366L, 
-16034396L, 1561300053L, -590151425L, 2049078680L, 2126544566L, 
845758275L, -112340347L, 1927862050L, -428604400L, 452757433L, 
-1159452565L, -1620040868L, 1845760650L, -1409659265L, 1402896329L, 
466162782L, -35750132L, 1570782941L, -1012824089L, -1828025328L, 
476176686L, -809949733L, 644836029L, 1223839786L, 35186888L, 
584969713L, -955311261L, -460457116L, -408227182L, -221302937L, 
1154810161L, 282602102L, 461216660L, 1621512101L, 324100271L, 
